3370
3372
3374
3376
3340
79
81
118
144
145
148
163
211
231
236
287
316
362
382
384
385
456
459
479
513
517
533
541
552
572
611
634
676
697
718
757
772
783
813
864
866
918
978
988
1006
1010
1016
1063
1066
1083
1102
1114
1121
1163
1181
1230
1247
1254
1292
1294
1363
1365
1366
1433
1441
1454
1463
1483
1495
1523
1566
1604
1629
1639
1652
1688
1691
1714
1720
1723
1744
1753
1776
1821
1827
1843
1856
1902
1905
1924
1950
1964
1989
1999
2033
2059
2102
2114
2127
2136
2139
2220
2223
2235
2268
2277
2315
2996
3007
3012
3025
3026
3029
3035
3036
3037
3042
3044
3045
3047
3049
3051
3052
3053
3055
3057
3058
3059
3062
3063
3064
3065
3067
3068
3069
3070
3071
3072
3077
3080
3081
3082
3083
3086
3088
3090
3092
3093
3094
3095
3097
3099
3104
3105
3108
3109
4590
3302
21
189
266
280
342
358
565
714
834
886
889
944
956
982
993
994
1115
1205
1315
1321
1373
1419
1420
1427
1448
1470
1499
1584
1609
1703
1705
1724
1738
1849
1853
1857
1861
1909
1984
2055
2111
2244
2245
2254
2956
2967
2977
2978
2980
2981
2989
2990
2991
2995
2997
2998
3000
3003
3004
3005
3009
3010
3013
3014
3015
3017
3020
3021
3022
3023
3030
593
1045
1149
1340
1540
1621
1803
1869
2204
2955
2958
2960
2964
2985
2994
259
260
317
322
443
555
736
756
781
786
852
921
959
980
1152
1250
1382
1706
1756
1805
1932
2067
2089
2124
2250
2461
2467
2472
2478
2489
2497
2517
2527
2538
2541
2542
2551
2558
2562
2572
2595
2603
223
351
493
590
646
678
826
1015
1039
1108
1124
1286
1342
1453
1539
1766
1785
1860
1875
2032
2036
2119
2174
2178
2198
2247
2516
2522
2534
2549
2555
2566
2567
2581
2584
2611
71
420
477
490
815
953
1576
1936
1996
2117
2503
2576
48
52
112
113
121
127
140
170
175
192
205
206
210
238
268
295
339
340
347
366
375
401
403
404
406
410
460
594
625
642
652
673
712
716
720
794
806
878
890
925
955
970
1052
1104
1180
1209
1303
1317
1353
1488
1916
2066
2078
2267
2317
2524
2574
2596
2600
2641
2671
2685
4598
7
9
11
33
87
195
262
276
290
308
388
424
425
492
550
603
617
653
709
774
860
907
910
911
937
1031
1099
1145
1168
1269
1383
1398
1404
1421
1422
1424
1816
1925
2047
2095
2108
2189
2256
2569
2644
2648
2656
2684
2687
2709
2727
2742
2744
2745
2760
2768
2789
2795
29
55
104
110
133
160
164
185
197
253
274
284
302
303
399
444
560
689
711
754
828
885
903
916
936
971
1047
1075
1078
1122
1126
1162
1187
1258
1322
1372
1418
1503
1612
1655
1664
1712
1754
1923
2068
2107
2243
2266
2296
2720
2728
2733
2778
2796
2817
2827
2832
2852
4594
74
1940
3326
3327
353
446
563
752
859
975
1054
1058
1456
1507
1551
1630
1912
2013
2054
2073
2132
2149
2260
2369
2378
2382
2384
2392
2393
2398
2401
2409
2411
3212
3215
3216
3217
3218
3220
556
1874
2435
3219
3221
2449
58
70
80
313
615
616
836
932
942
989
1116
1189
1299
1435
1438
1469
1622
1690
1717
1890
1946
1990
2140
2222
2319
2510
2535
2539
2543
2559
2573
2585
2593
2607
2615
2617
2631
4602
3359
3364
3367
297
318
798
3038
3050
3329
1190
1908
2152
137
1830
2487
2479
3239
2123
3304
5
224
288
447
559
561
759
803
976
1208
1212
1215
1216
1355
1369
1412
1596
1638
1651
1695
1741
1822
1842
2022
2035
2110
2237
2271
2281
2316
2788
2793
2798
2799
2802
2804
2805
2813
2815
2821
2829
2834
2835
2837
2863
2871
2873
2876
2882
2898
2903
2906
2915
4605
4606
4607
4608
107
315
474
585
751
788
973
992
1201
1736
1755
1997
2000
2115
2126
2170
2197
2241
2298
2320
2824
2847
2861
2874
2875
2878
2880
2886
2899
2900
40
42
53
75
141
218
234
251
334
360
371
383
413
427
511
701
778
915
1033
1042
1053
1089
1159
1260
1272
1280
1307
1370
1391
1396
1451
1542
1562
1684
1701
1748
1780
1807
1910
1955
2050
2164
2166
2221
2276
2682
2688
2696
2713
2717
2724
2725
2741
2749
2759
2763
2764
2765
2773
2775
2780
2781
2782
2786
2791
2800
59
856
1234
1462
1614
1679
1750
2162
2807
2819
2839
2853
2820
2826
2855
2859
204
352
356
1556
2015
2806
2814
2830
607
622
1392
1991
2490
663
217
348
485
670
696
706
734
793
1268
1349
1528
1728
2002
2085
2218
3028
3039
3060
3074
3084
3332
3322
3330
3333
705
1589
3073
428
1003
3349
3351
3363
3366
1447
1894
1995
2201
2708
2711
2730
88
105
193
285
311
467
522
626
694
719
753
816
1018
1056
1118
1202
1264
1431
1513
1620
1637
1832
1882
1985
2077
2087
2182
2253
2592
2608
2610
2632
2652
2661
2672
2674
34
50
67
132
134
249
335
419
516
569
582
587
597
644
789
820
850
884
914
1005
1019
1093
1226
1228
1236
1282
1403
1491
1497
1514
1521
1627
1654
1722
1739
1752
1859
2918
2938
2941
2962
2986
3002
18
93
100
168
169
203
250
393
402
465
518
530
545
632
665
675
693
762
795
812
861
1109
1271
1324
1397
1461
1509
1565
1583
1647
1666
1682
1952
2106
2988
3018
3040
3048
3054
3066
3076
119
150
338
432
437
464
669
1144
1182
1820
1913
2094
2582
905
1154
1877
2911
3287
3288
750
2010
2101
2952
505
2972
3306
38
139
173
475
502
549
655
729
744
848
1200
1274
1713
1817
1846
2088
2440
2481
2482
2488
2500
2519
227
304
330
571
588
742
761
785
796
1127
1284
1288
1457
1628
2037
2454
2470
2471
1
6
91
252
300
414
482
553
621
700
934
941
946
999
1255
1320
1364
1561
1613
1901
2509
2531
2577
2618
2650
49
68
208
240
278
309
451
476
503
769
823
825
844
1044
1069
1081
1220
1406
1449
1537
1548
1680
1854
2540
2554
2565
2627
2660
2666
2668
2705
111
400
630
647
763
791
888
1131
1770
1793
2614
2639
13
41
73
89
131
165
177
187
244
289
343
359
361
370
407
421
486
499
510
519
532
557
589
595
610
618
638
770
775
833
857
881
894
899
930
1050
1057
1113
1178
1244
1262
1293
1329
1346
1368
1429
1437
1484
1527
1532
1617
1656
1686
1730
1742
1747
1758
1845
1881
2006
2246
2287
2523
2544
2547
2579
2587
2594
2634
2637
2638
2667
2710
2729
2731
3282
4591
4593
56
61
151
154
345
439
628
896
1140
1240
1298
1443
1570
1837
2619
2649
2699
2701
2758
24
46
60
78
174
328
363
426
481
627
645
656
740
745
877
898
979
1004
1025
1193
1309
1367
1569
1963
2091
2272
2704
2838
381
1245
1772
2787
32
39
47
102
198
294
299
319
336
843
883
947
969
974
1170
1229
1339
1386
1415
1479
1512
2153
2848
2919
2946
83
1482
2433
599
818
1153
1375
2021
3222
3223
3224
3225
3227
3231
3232
3233
3234
3235
3236
3237
3238
3240
3241
3242
3243
3244
3245
3246
3247
3248
3249
3253
3254
3255
3256
3257
3258
3259
3260
3261
3262
3263
3264
3265
3266
3267
3268
3270
3271
3272
3273
3275
35
411
551
578
1207
1572
2840
2864
2907
2927
2948
3
43
98
176
186
261
436
524
699
827
1001
1694
1751
1769
2943
2959
2971
2993
3027
3031
3033
114
126
257
272
323
364
584
658
923
1381
1411
1650
1675
1788
2230
2275
2525
2529
4600
4601
368
450
661
1161
1297
1302
1414
1519
1524
1559
1931
2185
2626
2635
2645
128
228
601
674
1051
1296
1387
1904
2018
2227
2293
2620
2630
2658
2665
2669
2678
2694
123
954
977
1223
1578
1670
1765
1941
1980
2079
2181
2651
2655
2679
2681
2700
2712
4603
273
723
1545
1662
1864
2145
2654
2673
2683
246
672
704
1442
1450
1608
1660
1729
2080
2128
2180
2249
2698
2746
2748
2803
3308
3311
3314
10
25
26
125
182
190
216
232
233
241
247
310
325
373
449
472
473
488
496
512
526
529
554
567
575
576
596
624
662
690
738
746
773
792
809
814
822
840
858
891
928
1012
1017
1070
1072
1082
1086
1206
1210
1211
1214
1224
1242
1256
1277
1333
1336
1361
1371
1400
1407
1515
1581
1623
1633
1659
1671
1674
1685
1687
1707
1731
1767
1792
1795
1801
1878
1889
1892
1949
1953
1978
2028
2031
2044
2099
2133
2134
2142
2161
2209
2216
2217
2238
2252
2280
2282
2286
2845
2888
2893
2897
2923
2933
2934
2937
2954
2961
2963
2965
2968
2973
2974
2982
2983
2987
2992
2999
3001
3006
3011
3019
391
1077
2072
2184
3309
3034
3315
3321
895
1091
1275
1501
1981
3032
3041
3310
3312
3316
3318
3320
3325
1605
1642
3307
3313
3317
3319
8
326
394
609
868
952
1123
1351
1481
2165
2191
2224
2269
2294
2976
2979
103
162
199
423
431
871
873
1013
1068
1266
1547
1840
1927
2086
2125
2913
2925
2942
2949
16
115
574
1136
1138
1156
1197
1489
1552
1555
1618
1826
2014
2026
2168
2173
2208
2879
2929
2936
2940
2944
2947
2950
2951
2953
2957
2969
3299
3300
3301
3303
3305
254
327
542
558
581
648
902
951
985
1175
1233
1385
1465
1577
1721
1774
1928
1942
2008
2092
2096
2116
2120
2157
2167
2205
2270
2284
2686
2716
2721
2722
2723
2737
2753
2754
2756
2757
2770
2790
2822
2854
2866
2883
220
321
337
365
386
468
608
657
683
686
695
703
741
872
876
933
990
1035
1041
1308
1326
1360
1452
1610
1749
1760
1786
1798
1851
1866
1883
1895
1929
1971
2025
2063
2076
2081
2147
2172
2203
2231
2273
2305
2308
2808
2816
2818
2842
2843
2844
2850
2860
2869
2872
2877
2884
2885
2887
2892
2916
2917
2920
2921
2935
2945
4612
20
57
65
129
178
209
213
221
229
305
379
389
396
453
454
498
506
514
535
577
591
677
710
717
771
777
838
893
919
968
991
1076
1094
1188
1217
1232
1248
1312
1357
1473
1496
1601
1625
1649
1852
1918
1951
2093
2156
2239
2750
2774
2794
2809
2836
2889
2894
2902
2966
2975
4592
4604
4610
4611
37
72
76
147
194
196
270
344
397
417
433
452
480
494
509
747
755
805
845
995
1098
1106
1117
1119
1511
1631
1632
1669
1897
2004
2214
2297
2970
2984
3008
3016
3024
3043