1 2 4619 4626 
3 10 2234 4680 1410 760 4688 2019 377 1858 1818 1038 
3 7 1038 2719 1087 2740 1290 2777 2043 
3 13 2740 1597 851 2769 1179 2783 2776 636 963 2831 4679 4677 817 
3 11 817 1486 1080 1898 767 4674 4670 4671 2211 1661 2905 
3 9 817 4677 2851 2841 1779 938 2881 1520 1237 
3 7 1779 1356 1743 2228 2772 1939 1204 
3 18 2118 849 2792 2213 940 2001 2279 1204 1300 2692 1037 1471 2069 1781 2048 4707 4693 2234 
3 17 1204 1891 329 1176 2695 2706 1046 408 2262 445 2274 2609 2601 2588 1921 1147 392 
3 10 2601 1157 1926 1380 1428 2321 1808 1915 1698 1676 
3 5 2321 376 1848 1538 1490 
3 6 2609 1727 2613 2612 1458 2622 
3 8 2622 409 1105 1252 1150 2605 879 1490 
3 6 1490 2604 2130 2623 4693 2234 
3 13 1676 2109 142 2545 1945 2557 1974 2104 2590 442 4699 4697 2234 
3 14 2557 667 2556 2563 520 2586 1944 4701 4713 962 4695 4696 4697 2234 
3 13 1087 2703 2718 2726 2734 1325 732 2761 136 2771 1432 2801 1356 
3 4 1432 2738 1799 1471 
3 5 1037 301 1641 2011 2261 
3 10 1945 2546 1914 2537 441 1235 179 1900 2521 1787 
3 4 179 2103 2505 1474 
3 29 142 821 1510 2508 1972 1645 2480 1263 2466 2462 1331 1607 2446 1196 2431 2171 1014 2414 1867 237 1689 2389 1064 897 1868 1227 1493 1640 4619 
3 6 237 1867 2407 2415 2422 1541 
3 10 237 2290 2400 2084 2403 1384 1653 2083 1863 1992 
3 3 243 1972 1171 
2 10 905 2630 1904 601 2658 228 2293 1447 2708 1894 
2 18 1894 704 2748 246 2249 1608 1942 2008 2157 2167 2205 2116 2850 2869 990 1786 2063 2172 
2 19 2630 128 2620 2227 1387 2018 1161 1931 1297 1302 989 1438 2222 58 2573 2585 615 1202 88 
2 17 88 105 2661 694 2087 1832 1175 2757 2284 1035 321 2808 703 2203 1895 468 2063 
2 50 2063 337 2935 2076 876 2916 1798 220 2917 1929 1326 1123 2165 952 394 2224 609 2294 326 8 1201 2126 2900 2911 1877 1154 2911 2000 2886 2875 2855 59 1679 856 2162 2839 2820 352 2830 204 2814 2015 1068 873 871 2125 1013 1927 2111 1045 
2 8 2917 1883 933 2885 1866 2170 2899 2126 
3 18 2905 912 2930 1574 2910 682 2904 4662 4660 2932 922 1961 1476 2309 369 307 2042 1779 
3 4 2118 1824 2870 2265 
3 6 1914 564 2311 1956 2560 1594 
