1 58
1 114
1 137
1 179
1 196
1 237
1 243
1 297
1 289
1 298
1 301
1 318
1 392
1 403
1 437
1 441
1 445
1 446
1 520
1 619
1 622
1 633
1 663
1 728
1 748
1 758
1 764
1 798
1 817
1 821
1 851
1 852
1 869
1 873
1 905
1 912
1 967
1 990
1 1045
1 1046
1 1054
1 1087
1 1110
1 1134
1 1171
1 1186
1 1201
1 1204
1 1225
1 1237
1 1261
1 1275
1 1325
1 1348
1 1384
1 1380
1 1419
1 1425
1 1440
1 1474
1 1467
1 1471
1 1490
1 1541
1 1544
1 1586
1 1594
1 1619
1 1631
1 1648
1 1661
1 1668
1 1676
1 1700
1 1709
1 1732
1 1778
1 1781
1 1786
1 1787
1 1799
1 1811
1 1814
1 1818
1 1830
1 1838
1 1874
1 1894
1 1896
1 1945
1 1960
1 1966
1 1972
1 1981
1 1992
1 2015
1 2029
1 2043
1 2118
1 2167
1 2172
1 2219
1 2234
1 2258
1 2259
1 2261
1 2265
1 2274
1 2289
1 2309
1 2321
1 2361
1 2383
1 2387
1 2414
1 2424
1 2446
1 2449
1 2450
1 2462
1 2479
1 2492
1 2496
1 2498
1 2502
1 2504
1 2556
1 2557
1 2578
1 2583
1 2599
1 2601
1 2609
1 2621
1 2622
1 2677
1 2697
1 2721
1 2740
1 2743
1 2767
1 2771
1 2772
1 2784
1 2792
1 2828
1 2833
1 2850
1 2856
1 2899
1 2905
1 2926
1 2952
1 2972
1 3039
1 3084
1 3109
1 3214
1 3226
1 3341
1 3252
1 3269
1 3274
1 3281
1 3287
1 3324
1 3337
1 3333
1 3356
1 4619
1 4626
1 4622
1 4627
1 4662
1 4674
1 4675
1 4618
1 4695
1 4701
1 4709
1 4710
1 2886
1 206
1 2937
1 25
1 1659
1 496
1 2897
1 2888
1 1211
1 1671
1 2529
1 272
1 584
1 364
1 274
1 262
1 936
1 828
1 1372
1 2656
1 195
1 911
1 388
1 33
1 10
1 460
1 375
1 2267
1 818
1 599
1 1057
1 48
1 113
1 2317
1 638
1 1881
1 129
1 229
1 1532
1 2547
1 370
1 952
1 2594
1 486
1 2637
1 359
1 453
1 1656
1 1454
1 2836
1 2156
1 991
1 1248
1 968
1 2996
1 3024
1 1897
1 232
1 2970
1 188
1 3358
1 1092
1 641
1 715