Provinces for SOT (Found in 34 states): 
---------------------------------------- 
Single Line List: 
1002 1007 101 1011 1020 1021 1022 1024 1028 1059 1060 1061 1062 1071 108 1084 1088 1090 1092 1096 1097 1101 1107 1111 1128 1130 1133 1134 1135 1137 1151 1158 1164 1174 1191 1192 1194 1199 120 1231 124 1241 1243 1249 1257 1273 1291 1295 1304 1305 1314 1316 1318 1323 1327 1334 1343 1347 1350 1354 1359 1374 1377 1379 1390 1394 1399 1401 1402 1423 143 1430 1445 1446 1459 146 1466 1468 1472 1475 1477 1485 1487 149 1498 15 1517 152 1529 1533 1536 1550 1558 156 1563 157 1575 1580 1587 1588 1592 1624 1643 1644 1646 1657 1667 171 1716 1719 1726 1735 1757 1759 1761 1771 1782 1791 1796 1800 1802 1804 1806 181 1812 1815 1819 1828 1829 183 1836 1839 1855 1865 1880 1884 1885 1886 191 1917 1919 1920 1930 1935 1947 1948 1954 1959 1962 1969 1975 1979 2 200 2003 201 2012 2023 2030 2039 2053 2056 2057 2064 2075 2090 2098 2105 2113 212 2121 2135 2137 2138 214 2144 2150 2160 2163 2176 2183 2188 219 2193 2200 2207 222 2236 2240 225 2251 2263 2283 2285 2292 2302 2310 2314 2318 245 248 256 265 269 27 271 275 279 282 286 293 296 3075 3079 3089 3091 3098 31 3100 3101 3107 3110 3113 3114 3116 3118 3119 312 3120 3122 3123 3125 3126 3128 3129 3131 3132 3135 3137 3139 3140 3141 3142 3144 3146 3147 3149 3150 3151 3152 3153 3154 3155 3156 3157 3158 3160 3161 3162 3163 3164 3165 3166 3167 3168 3169 3170 3171 3172 3173 3174 3175 3176 3177 3178 3179 3180 3181 3182 3183 3184 3185 3186 3187 3188 3189 3190 3191 3192 3193 3194 3195 3196 3197 3198 3199 320 3200 3201 3202 3203 3204 3205 3206 3207 3208 324 331 3335 3336 3337 3338 3341 3342 3343 3346 3354 3355 3358 3361 3362 3371 3377 3378 3379 350 354 357 36 374 378 387 390 395 398 416 418 422 435 438 44 440 448 455 4613 4614 463 469 478 484 487 489 491 495 500 504 515 521 523 528 536 537 539 540 566 570 573 600 602 605 606 614 620 623 629 631 641 650 651 664 666 671 679 681 69 691 692 702 708 713 715 726 727 730 731 735 768 776 780 782 790 804 807 810 811 819 824 829 830 832 837 84 846 85 854 855 862 865 870 875 892 901 904 909 913 917 924 926 927 935 939 943 96 965 981 986 99 997 998 
 
Itemized List: 
152
225
279
487
679
726
735
1249
1498
1517
3183
3201
3335
3336
3337
730
1022
1192
2292
3208
606
715
1959
1975
3075
3079
3091
3338
3346
3355
3361
3362
3371
3377
3378
3379
3341
3342
3354
3358
1134
245
387
782
832
939
1002
1273
1575
1580
1865
1886
1930
3192
3200
3203
3204
3206
3207
183
528
540
935
1128
1472
1782
1800
2090
570
713
776
892
1107
1257
1394
2163
3181
265
296
438
862
926
1061
69
124
191
605
1059
1060
1314
1558
1806
2075
3185
2121
3173
3186
36
96
99
101
146
331
500
539
573
602
727
790
810
927
986
1021
1151
1304
1485
1536
2057
2098
2135
2150
2285
3152
3161
27
212
395
600
691
1101
1423
2039
2240
3182
448
666
1133
1529
1812
1954
1979
3187
3193
149
422
651
1028
1071
1343
1347
1459
1917
1947
3180
3184
3195
84
108
171
214
350
398
469
631
780
807
1084
1243
1445
1487
1588
1791
1802
1815
1839
1880
1935
2176
2188
2200
2283
3171
3172
3177
3178
3189
3194
3197
3202
15
200
271
455
671
731
855
875
1111
1295
1390
1430
1771
3164
3168
3175
3191
3198
3205
222
354
484
1088
1657
1819
2160
3199
293
378
523
865
943
1062
1475
1643
2144
3170
3174
3176
3188
120
390
440
515
521
536
811
829
846
913
1158
1291
1323
1468
1533
1761
1137
1327
1350
1374
1587
1719
1948
1969
3149
3151
3160
3167
374
491
623
1191
1377
1624
1920
2030
2053
2310
3150
3153
3155
3156
3165
3166
3179
3190
435
664
901
1020
1199
1735
1884
2023
2193
3147
3154
3158
143
181
692
824
965
981
1011
1024
1097
1135
1305
1334
1399
1446
1466
1477
1646
1855
1962
2183
2263
3113
3120
3125
3131
3135
3140
3142
3146
3157
3162
3163
3169
31
44
201
219
282
286
324
478
489
504
537
566
614
620
641
702
804
830
837
854
904
924
1090
1092
1164
1174
1241
1318
1354
1379
1550
1563
1667
1757
1759
1828
1829
2012
2105
2137
2138
2207
2236
2302
3089
3101
3116
3118
3122
3123
3126
3128
3132
3141
3343
4613
157
275
997
1096
1194
1316
1401
1716
1836
1885
2003
3129
3137
3139
3144
4614
320
357
418
495
681
708
917
1231
1359
1402
1592
1796
2056
2064
2113
2314
3100
3114
3119
85
269
312
416
463
629
650
768
819
998
1007
1130
1726
1919
2251
2318
3098
3107
3110
2
156
248
256
870
909
1644
1804
3196
