Provinces for WIL (Found in 12 states): 
---------------------------------------- 
Single Line List: 
1085 1095 117 1177 1195 1267 1310 1337 135 1362 1376 1378 1395 1417 1535 155 1553 1554 1571 159 1600 1615 1697 1768 1823 1967 1970 2071 2129 2210 2264 230 2323 2324 2325 2326 2327 2328 2329 2330 2331 2332 2333 2334 2335 2336 2337 2338 2339 2341 2342 2343 2344 2346 2348 267 281 30 3209 3210 45 457 461 4628 4629 4630 4631 4632 4633 4634 4635 4636 4637 4638 4639 4640 4641 4642 4643 4644 4645 4646 4647 4648 4649 4650 4651 4652 4653 4654 4655 4656 4657 51 580 612 680 698 737 841 863 869 90 94 95 958 983 996 
 
Itemized List: 
117
267
737
983
1095
1267
1310
1378
1697
1970
2325
2326
2327
2331
4646
4653
4655
4656
4657
45
680
958
1337
1535
1571
1967
135
4629
4630
4631
4632
4633
30
461
612
1395
1417
1600
2337
2338
2341
2343
2346
3210
869
2071
2210
580
1553
2342
2344
2348
1085
1362
2329
4638
4641
4642
4644
4645
4647
4649
4651
90
159
863
996
1177
1554
1615
2334
2336
4628
51
94
155
230
1823
2129
2324
3209
4639
4640
4643
4648
4650
4652
4654
95
281
2328
2330
2332
457
698
841
1195
1376
1768
2264
2323
2333
2335
2339
4634
4635
4636
4637
